0.0 0.0 0.0 475.32184 264.62466
1.0 0.0 0.0 440.50244 263.23285
2.0 0.0 0.0 406.2218 261.7014
3.0 0.0 0.0 372.6837 259.91016
4.0 0.0 0.0 340.0107 258.24222
5.0 0.0 0.0 308.49207 256.51584
6.0 0.0 0.0 277.5959 255.09286
0.0 1.0 0.0 476.69138 230.0038
1.0 1.0 0.0 441.2503 228.63284
2.0 1.0 0.0 406.59464 227.64816
3.0 1.0 0.0 372.70612 226.32228
4.0 1.0 0.0 339.55396 225.40205
5.0 1.0 0.0 307.56766 224.25938
6.0 1.0 0.0 276.92807 223.40599
0.0 2.0 0.0 477.408 194.33427
1.0 2.0 0.0 441.71268 193.62064
2.0 2.0 0.0 406.76755 192.52245
3.0 2.0 0.0 372.57828 192.05171
4.0 2.0 0.0 339.26407 191.56076
5.0 2.0 0.0 307.0833 191.06427
6.0 2.0 0.0 275.86005 190.52164
0.0 3.0 0.0 477.91467 158.32228
1.0 3.0 0.0 442.11322 157.88603
2.0 3.0 0.0 406.80106 157.49673
3.0 3.0 0.0 372.3857 157.41675
4.0 3.0 0.0 338.89185 157.39815
5.0 3.0 0.0 306.548 157.64893
6.0 3.0 0.0 275.25006 158.04948
0.0 4.0 0.0 478.01114 122.23826
1.0 4.0 0.0 442.09683 122.08506
2.0 4.0 0.0 406.66895 122.14299
3.0 4.0 0.0 372.24942 122.28639
4.0 4.0 0.0 338.62314 123.086105
5.0 4.0 0.0 306.05914 123.96403
6.0 4.0 0.0 274.70535 124.87432
0.0 5.0 0.0 477.62332 86.22188
1.0 5.0 0.0 441.63654 86.24669
2.0 5.0 0.0 406.45435 86.711365
3.0 5.0 0.0 371.72195 87.874794
4.0 5.0 0.0 338.3092 88.79298
5.0 5.0 0.0 305.50098 90.3172
6.0 5.0 0.0 274.3947 92.21057
